17Networks_1 
1 120 18 134 255
17Networks_2 
2 255 0 0 255
17Networks_3 
3 70 130 180 255
17Networks_4 
4 42 204 164 255
17Networks_5 
5 74 155 60 255
17Networks_6 
6 0 118 14 255
17Networks_7 
7 196 58 250 255
17Networks_8 
8 255 152 213 255
17Networks_9 
9 220 248 164 255
17Networks_10 
10 122 135 50 255
17Networks_11 
11 119 140 176 255
17Networks_12 
12 230 148 34 255
17Networks_13 
13 135 50 74 255
17Networks_14 
14 12 48 255 255
17Networks_15 
15 0 0 130 255
17Networks_16 
16 255 255 0 255
17Networks_17 
17 205 62 78 255
HIP-head-m-rh
18 222 18 250 255
HIP-head-l-rh
19 242 94 6 255
HIP-body-m-rh
20 173 167 157 255
HIP-body-l-rh
21 35 45 120 255
AMY-SM-rh
22 227 24 19 255
AMY-CL-rh
23 200 137 173 255
THA-DPl-rh
24 11 12 166 255
THA-DPm-rh
25 62 254 102 255
THA-VPm-rh
26 51 31 26 255
THA-VPl-rh
27 162 200 245 255
THA-VAi-rh
28 34 57 116 255
THA-VAs-rh
29 7 6 81 255
THA-DAm-rh
30 105 115 229 255
THA-DAl-rh
31 188 245 178 255
PUT-VA-rh
32 172 190 24 255
PUT-DA-rh
33 166 71 53 255
PUT-VP-rh
34 219 103 199 255
PUT-DP-rh
35 191 93 82 255
CAU-VA-rh
36 80 18 145 255
CAU-DA-rh
37 203 4 200 255
HIP-tail-rh
38 244 234 195 255
lAMY-rh
39 22 227 242 255
pGP-rh
40 171 149 115 255
aGP-rh
41 253 218 48 255
NAc-shell-rh
42 77 215 112 255
NAc-core-rh
43 6 251 243 255
pCAU-rh
44 83 203 11 255
HIP-head-m-lh
45 210 10 58 255
HIP-head-l-lh
46 32 183 2 255
HIP-body-m-lh
47 213 37 33 255
HIP-body-l-lh
48 75 87 179 255
AMY-SM-lh
49 45 114 251 255
AMY-CL-lh
50 185 117 200 255
THA-DPl-lh
51 165 99 48 255
THA-DPm-lh
52 126 204 55 255
THA-VPm-lh
53 44 123 166 255
THA-VPl-lh
54 98 125 57 255
THA-VAi-lh
55 211 224 57 255
THA-VAs-lh
56 44 110 221 255
THA-DAm-lh
57 99 240 29 255
THA-DAl-lh
58 33 234 245 255
PUT-VA-lh
59 130 147 214 255
PUT-DA-lh
60 244 31 203 255
PUT-VP-lh
61 241 135 148 255
PUT-DP-lh
62 213 248 54 255
CAU-VA-lh
63 152 21 151 255
CAU-DA-lh
64 19 147 152 255
HIP-tail-lh
65 79 31 178 255
lAMY-lh
66 33 71 221 255
pGP-lh
67 71 107 95 255
aGP-lh
68 23 26 232 255
NAc-shell-lh
69 221 202 8 255
NAc-core-lh
70 32 239 178 255
pCAU-lh
71 97 246 86 255
